146  143   64
  147  141   52
  148  135   71
  151  141   64
  148  143   60
  150  141   55
  150  141   57
  149  139   58
  145  136   62
  142  136   61
  131  133   66
  151  143   50
  152  145   52
  151  144   60
  151  143   50
  149  138   64
  150  138   69
  147  142   59
  150  141   53
  150  140   61
  149  140   54
  146  139   57
  145  136   62
  139  137   63
  137  132   65
  153  147   47
  155  146   47
  153  145   55
  152  145   49
  155  143   52
  150  141   57
  149  137   70
  148  140   65
  150  142   51
  150  139   63
  149  140   54
  146  139   55
  145  135   70
  143  137   62
  140  136   67
  131  131   74
  155  146   47
  155  146   47
  156  146   54
  153  145   55
  155  144   47
  155  143   52
  152  143   58
  150  138   58
  151  140   66
  153  141   56
  150  140   61
  151  140   55
  149  139   56
  145  136   64
  148  135   62
  144  135   63
  136  136   68
  135  127   75
  156  148   46
  157  145   47
  159  147   53
  156  147   50
  158  146   48
  157  145   47
  157  143   57
  157  142   52
  153  141   58
  156  139   62
  150  141   55
  151  141   53
  150  141   55
  146  139   55
  148  135   60
  148  135   62
  139  137   65
  140  132   66
  126  128   73
  156  147   50
  156  147   48
  159  146   46
  158  146   48
  157  148   49
  156  147   48
  158  146   48
  155  145   51
  158  144   49
  152  143   58
  150  137   66
  153  141   60
  153  142   52
  150  141   55
  147  140   56
  146  139   57
  150  134   62
  142  135   65
  142  133   68
  132  132   75
  126  119   87
  155  147   54
  156  147   48
  155  148   48
  157  149   47
  156  146   54
  156  147   48
  156  146   56
  155  144   47
  152  145   52
  157  145   49
  151  144   60
  148  138   55
  150  136   68
  156  140   56
  151  140   55
  147  140   56
  146  139   57
  148  135   60
  140  136   65
  139  134   68
  135  131   75
  131  123   76
  110  117  101
  156  147   48
  156  147   48
  155  148   48
  155  148   48
  155  148   48
  155  147   52
  157  144   55
  154  144   49
  155  145   51
  157  143   49
  153  141   58
  148  143   51
  148  136   56
  151  139   59
  150  140   61
  148  140   65
  144  139   61
  148  137   61
  137  138   63
  141  133   68
  135  131   71
  133  128   75
  113  118   96
  156  147   50
  159  146   46
  155  148   48
  152  147   49
  158  146   48
  155  148   48
  155  146   49
  155  143   49
  152  145   49
  153  145   55
  154  143   56
  153  141   60
  149  143   54
  151  142   56
  148  138   55
  148  135   71
  150  136   70
  146  137   67
  145  137   58
  143  137   64
  141  133   68
  133  135   68
  133  131   72
  115  120   91
  157  148   49
  156  146   52
  160  146   51
  155  148   48
  153  149   48
  157  144   51
  153  147   49
  154  145   47
  154  145   45
  152  145   47
  151  144   60
  153  141   56
  148  142   66
  148  143   62
  148  143   60
  150  141   57
  145  134   65
  148  135   71
  148  135   71
  146  138   59
  145  136   66
  141  134   66
  133  135   66
  134  129   76
  116  122   88
  155  143   63
  156  147   48
  156  147   48
  158  145   54
  157  148   51
  156  147   48
  155  145   51
  152  145   52
  153  146   53
  152  147   51
  155  146   47
  152  142   64
  152  144   56
  148  142   64
  147  140   67
  145  142   61
  151  141   60
  147  140   60
  146  135   64
  148  132   74
  146  137   65
  142  137   66
  144  134   67
  134  137   68
  133  130   76
  155  145   53
  158  146   48
  156  147   48
  156  149   51
  153  147   58
  152  145   61
  152  145   52
  151  144   58
  154  148   59
  152  146   57
  155  146   47
  151  141   60
  151  145   54
  148  141   57
  144  140   64
  145  142   65
  148  138   59
  147  141   65
  145  137   58
  145  135   70
  145  135   68
  144  134   67
  142  133   75
  136  133   70
  132  131   81
  155  146   47
  156  145   62
  156  148   55
  155  147   54
  149  144   64
  150  144   69
  153  145   55
  148  143   58
  151  143   64
  152  143   62
  155  145   53
  149  140   54
  151  143   52
  151  141   64
  144  139   61
  142  138   64
  149  138   62
  143  138   69
  147  140   60
  143  137   64
  144  134   69
  142  135   67
  141  131   80
  136  132   76
  133  129   82
  153  146   53
  151  146   66
  155  146   58
  153  145   55
  148  142   64
  149  144   64
  151  145   54
  147  145   62
  149  141   68
  152  142   64
  151  143   52
  149  143   56
  151  142   58
  148  136   67
  147  142   59
  143  139   63
  148  137   61
  144  137   71
  147  138   66
  143  137   62
  145  135   68
  136  137   71
  137  129   79
  129  132   76
  150  145   67
  155  146   60
  153  144   61
  148  141   68
  148  143   62
  148  142   64
  149  143   70
  150  138   73
  151  141   62
  153  140   62
  147  141   63
  148  140   63
  147  138   66
  147  141   63
  144  141   62
  146  138   72
  146  136   71
  145  136   64
  140  138   66
  142  135   67
  139  133   76
  136  132   74
  129  131   80
  151  144   58
  152  144   65
  151  143   66
  148  140   65
  148  143   58
  146  139   66
  149  137   70
  150  139   67
  151  138   67
  150  138   60
  146  138   70
  147  138   66
  146  136   73
  147  139   64
  148  139   69
  142  134   69
  144  136   75
  145  136   66
  142  134   69
  144  133   73
  138  131   74
  135  133   72
  128  131   82
  151  145   56
  149  143   66
  149  141   64
  148  142   64
  146  144   58
  147  138   66
  146  136   69
  150  138   71
  149  135   69
  147  140   67
  148  138   73
  149  136   72
  145  132   82
  149  136   63
  143  131   66
  144  134   67
  142  133   75
  140  134   75
  141  131   78
  143  129   76
  138  134   74
  135  133   74
  148  142   66
  149  141   68
  148  141   61
  146  143   64
  149  137   68
  145  135   70
  146  136   71
  146  134   72
  145  135   70
  143  135   74
  146  133   74
  145  134   76
  149  137   70
  145  132   71
  143  137   64
  143  135   74
  140  134   77
  141  130   84
  141  130   72
  133  133   76
  132  131   81
  147  142   57
  148  138   73
  151  138   65
  148  140   67
  148  136   67
  149  136   72
  148  135   71
  145  133   78
  145  135   68
  143  134   80
  144  135   79
  145  133   78
  144  137   71
  142  136   70
  145  136   64
  141  132   74
  139  133   76
  140  129   85
  140  131   74
  133  132   83
  129  130   84
  153  141   58
  148  139   69
  150  138   69
  147  137   72
  149  136   72
  148  134   75
  149  135   67
  146  133   76
  145  135   68
  143  134   76
  145  134   76
  142  134   73
  143  135   74
  146  135   77
  144  134   69
  142  132   72
  136  133   82
  138  131   76
  136  128   76
  131  131   85
  147  142   61
  147  138   68
  147  137   72
  148  135   71
  146  132   78
  146  134   70
  145  134   74
  147  137   72
  146  136   71
  144  131   74
  143  136   70
  144  131   83
  140  131   70
  142  129   88
  140  129   83
  134  131   79
  132  133   73
  131  128   88
  126  128  104
  141  143   79
  146  139   66
  146  136   69
  146  136   71
  143  134   80
  143  135   74
  145  132   82
  146  133   74
  143  134   78
  142  131   78
  144  134   69
  142  130   80
  140  137   74
  138  123   89
  135  127   75
  132  132   75
  128  130   86
  127  130  111
  125  142  109
  135  144   89
  141  138   71
  142  136   70
  143  135   72
  143  136   70
  142  130   80
  142  133   68
  139  133   76
  141  132   74
  138  134   74
  139  129   73
  134  132   73
  135  124   78
  133  133   79
  126  132   93
  125  127  110
  107  115  108
  121  134  107
  133  139  100
  133  140   94
  141  136   83
  138  137   76
  143  133   82
  146  139   66
  136  135   74
  138  133   66
  135  132   79
  135  133   76
  129  135   81
  129  132   97
  127  132  103
  110  124  103
  104  115  103
  107  113  109
  131  141  106
  135  137   97
  136  139   83
  131  136   91
  128  137   84
  128  134   96
  125  132  105
  124  136  109
  122  124  112
  108  117  105
  104  117  104
  105  117  100
  108  120  102
  107  117  107
  108  116  109
  105  116  106
  105  117  104
  103  120  103
  102  121  103
  108  122  106
  115  120   89
  115  121   85
  123  121   78
  117  119   91
  116  122   88
  128  124   68
  131  125   63
  137  131   58
  139  130   60
  134  133   65
  133  133   62
  135  126   72
  127  123   74
  134  132   62
  150  139   65
  150  138   60
  149  139   56
  148  138   55
  143  138   60
  145  136   64
  144  134   69
  140  133   64
  137  130   64
  130  125   67
  123  122   72
  137  132   65
  143  135   74
  151  143   54
  150  141   53
  151  141   53
  150  141   57
  149  140   54
  146  139   57
  145  136   64
  143  137   64
  145  136   62
  144  135   63
  140  132   66
  136  131   64
  128  125   74
  147  141   63
  149  133   79
  151  141   60
  153  142   54
  153  142   52
  151  142   56
  151  140   55
  149  139   56
  146  137   65
  145  136   62
  146  135   64
  146  135   64
  142  135   67
  141  133   68
  138  133   68
  146  143   66
  149  143   58
  147  132   67
  151  140   68
  153  141   60
  153  142   54
  154  141   52
  151  140   57
  151  140   57
  147  140   58
  150  138   60
  149  136   65
  148  137   61
  145  136   66
  145  133   69
  136  133   68
  135  132   69
  147  145   62
  152  143   58
  151  142   58
  149  139   56
  151  140   57
  156  137   71
  154  139   64
  151  140   55
  153  139   57
  150  141   53
  149  139   60
  148  138   59
  148  138   57
  143  137   62
  145  134   63
  141  133   68
  138  133   66
  149  143   58
  152  144   54
  154  144   49
  154  144   49
  152  144   56
  157  140   50
  150  137   64
  156  139   58
  151  141   64
  150  139   63
  151  141   53
  150  141   57
  151  140   57
  148  138   57
  145  137   60
  148  135   62
  145  134   65
  141  132   64
  136  133   68
  152  145   52
  153  146   53
  157  145   49
  157  145   47
  155  144   47
  153  145   59
  160  142   53
  157  143   57
  156  141   52
  149  139   60
  150  138   71
  154  139   62
  151  139   59
  151  139   61
  149  138   62
  148  136   65
  148  134   64
  146  135   64
  142  134   69
  138  133   68
  153  144   63
  153  146   51
  155  145   55
  158  146   48
  156  148   53
  156  146   63
  158  143   53
  157  144   55
  154  144   49
  152  143   58
  148  137   61
  149  137   57
  150  138   62
  149  138   66
  146  136   71
  148  135   71
  145  134   72
  145  136   66
  142  133   77
  138  134   72
  132  132   75
  157  144   53
  156  145   58
  157  148   51
  156  146   52
  158  146   48
  157  148   53
  156  146   56
  155  145   53
  155  145   51
  158  143   55
  154  144   49
  151  142   58
  151  142   56
  151  141   64
  148  137   61
  143  137   62
  146  133   74
  149  134   75
  151  134   71
  144  133   73
  142  133   75
  134  131   77
  157  144   53
  156  146   54
  156  147   50
  156  147   48
  159  146   48
  156  146   52
  158  144   58
  157  144   53
  153  145   55
  157  144   55
  152  144   54
  153  141   60
  151  142   56
  148  140   65
  148  140   67
  147  139   64
  148  137   63
  146  134   68
  147  132   69
  141  133   68
  139  133   72
  134  130   81
  155  145   53
  159  145   50
  155  147   54
  155  148   48
  157  148   49
  160  147   49
  158  146   50
  156  145   60
  157  143   59
  154  143   54
  154  144   52
  152  143   58
  150  141   55
  150  141   57
  144  139   70
  147  138   70
  146  138   63
  149  139   60
  146  137   67
  146  135   66
  145  134   76
  142  136   74
  135  132   81
  135  130   77
  156  146   52
  159  146   48
  156  148   55
  156  147   48
  156  147   48
  160  147   49
  158  146   48
  155  145   51
  155  145   55
  157  143   49
  155  143   54
  151  143   52
  151  143   54
  150  141   57
  147  138   68
  146  138   72
  144  137   69
  148  137   61
  147  138   68
  145  135   68
  143  135   72
  144  133   71
  138  131   74
  138  131   79
  156  147   59
  158  146   50
  155  146   56
  156  147   48
  158  146   48
  156  147   50
  155  148   50
  152  146   57
  152  143   62
  157  143   47
  155  143   54
  151  143   50
  153  141   58
  148  142   53
  149  138   64
  143  137   62
  140  139   62
  148  137   61
  146  136   69
  145  136   66
  142  134   69
  139  133   74
  141  131   78
  138  132   84
  131  130   78
  154  148   57
  155  148   48
  155  146   56
  157  148   49
  158  146   48
  153  145   55
  153  147   49
  150  146   61
  152  144   65
  156  145   60
  155  142   58
  152  145   52
  149  139   58
  149  143   54
  150  138   62
  146  140   62
  143  140   57
  148  136   69
  143  136   70
  142  137   68
  142  134   69
  141  132   74
  141  129   76
  135  133   74
  133  130   78
  153  148   54
  156  147   48
  152  150   53
  156  147   48
  156  147   59
  156  146   54
  155  146   49
  149  145   60
  148  141   57
  155  145   66
  154  143   58
  154  144   49
  150  138   58
  149  143   56
  149  137   68
  147  138   66
  147  138   68
  146  134   68
  141  133   70
  140  136   67
  142  134   69
  141  132   74
  138  132   70
  135  133   74
  133  130   78
  119  121   97
  150  148   60
  158  146   52
  155  147   52
  155  148   48
  159  146   55
  155  147   52
  155  146   58
  151  144   58
  149  141   64
  151  141   64
  153  139   66
  152  144   56
  150  141   57
  147  139   64
  147  138   66
  146  137   67
  144  136   77
  146  136   62
  144  134   69
  143  136   66
  142  132   70
  139  132   78
  135  133   74
  134  131   75
  129  130   84
  113  118  100
  149  145   67
  156  145   60
  157  146   59
  156  147   50
  159  145   50
  153  147   49
  152  142   64
  151  143   66
  147  140   60
  149  142   60
  151  137   71
  151  141   62
  148  139   71
  146  137   65
  146  139   68
  146  134   72
  145  133   80
  148  137   63
  144  134   65
  146  134   68
  139  134   68
  140  133   81
  135  133   76
  134  131   75
  127  129   87
  108  118  101
  109  115  106
  149  143   77
  155  145   53
  155  145   64
  160  146   51
  159  146   57
  155  145   51
  150  139   63
  151  141   72
  151  141   62
  149  141   66
  148  134   75
  147  141   65
  147  136   80
  147  140   69
  146  136   71
  146  132   78
  145  133   78
  146  134   68
  142  136   70
  146  134   72
  139  134   68
  139  131   82
  132  131   83
  129  132   74
  123  123   96
  109  115  102
  147  149   96
  152  146   55
  150  144   69
  156  146   54
  153  146   53
  155  145   51
  148  140   67
  148  138   73
  151  141   64
  147  138   70
  148  134   77
  148  138   75
  145  134   72
  146  138   72
  145  134   74
  146  132   80
  144  133   71
  146  134   79
  142  136   74
  145  133   78
  142  131   76
  140  125   91
  131  130   80
  128  131   82
  115  118  103
  130  136  111
  150  144   69
  150  145   67
  153  146   51
  153  147   58
  153  145   59
  148  141   68
  147  137   74
  151  142   58
  146  137   65
  146  136   71
  146  134   70
  145  135   70
  145  135   70
  146  134   72
  145  131   77
  142  137   68
  139  131   82
  140  135   71
  138  132   72
  137  130   75
  138  122   95
  131  133   77
  121  126   95
  103  120  101
  140  147  101
  153  142   71
  152  146   55
  149  145   60
  151  141   74
  148  141   73
  149  141   66
  150  139   65
  147  139   62
  147  137   74
  146  134   70
  145  134   76
  146  134   70
  148  133   70
  146  134   68
  143  136   66
  141  132   74
  139  133   74
  136  133   70
  136  132   76
  133  126   83
  123  132   92
  108  125  105
  114  131  100
  137  144  103
  149  146   65
  149  141   64
  148  141   71
  148  140   77
  149  140   71
  147  138   66
  147  140   71
  146  136   71
  146  134   70
  146  135   77
  145  134   74
  150  132   74
  146  134   70
  143  136   70
  141  133   70
  139  132   78
  135  134   68
  135  132   79
  125  132   84
  107  124  100
  110  124  103
  116  138  117
  136  147   93
  147  144   66
  148  143   62
  147  139   75
  144  139   72
  148  139   71
  146  138   70
  146  136   71
  146  136   71
  145  134   72
  145  133   80
  146  132   80
  145  132   75
  139  133   72
  138  134   74
  136  134   78
  135  133   76
  127  132   87
  136  145   92
  143  143   73
  146  142   71
  142  140   70
  148  138   75
  145  140   71
  146  138   74
  144  135   79
  142  135   78
  140  133   81
  140  133   81
  142  132   83
  140  135   73
  135  133   76
  130  135   79
  132  132   91
  147  139   73
  141  142   66
  144  136   75
  142  135   78
  143  135   74
  140  134   75
  139  135   75
  138  133   80
  137  138   76
  132  136   85
  124  133   93
  132  141   85
  137  135   90
  132  136   96
  130  137   96
  126  137   99
  119  130  101
  108  126  101
